263771622209
263771012358
263770670283
263781593603
263770201193
263770002108
263770383257
263770331233
263771740833
263780004259
263780535968
263771071585
263771656165
263780454124
263771722083
263781026955
263770085308
263770354655
263771270432
263771594810
263771413909
263770315288
263771881534
263771953836
263780477249
263781040289
263771358848
263770812051
263771559712
263771101354
263771615169
263771012782
263771611054
263781100371
263781283394
263781710327
263770435885
263771110424
263781735525
263771484903
263771736915
263780204668
263781152746
263770446500
263770063798
263771809863
263770612854
263770402271
263781862732
263770568736
263771996413
263771722476
263770974226
263780465888
263771626684
263770986806
263771801088
263770697494
263780141146
263780257599
263770015732
263781157303
263770501678
263770167691
263780540939
263781803604
263781510622
263770097919
263780195769
263770469386
263771689555
263770568468
263781797232
263770901970
263771297567
263770194849
263770790133
263771710295
263780348117
263771184490
263770145915
263780753005
263780362312
263781476227
263780731410
263781373759
263780363268
263781807194
263770024638
263770982335
263771511850
263771306915
263770447082
263780162245
263771200804
263781746457
263771996607
263770020165
263770590774
263770674828
263770247566
263780410908
263771822445
263780843444
263771980168
263771105758
263780873010
263780269130
263770798702
263770060514
263781803627
263770587977
263771348298
263771382926
263771038618
263771645694
263770757291
263781984721
263771669932
263770859636
263771660840
263771640623
263771627728
263780199278
263770766712
263770045270
263780707646
263780055231
263770915406
263770756884
263780135800
263770706328
263770518690
263781161039
263770763861
263770548170
263770053319
263781140013
263770633385
263771305674
263771392952
263780566041
263771798645
263780342090
263781595382
263771635409
263770919625
263781866999
263781861481
263770100017
263771917932
263781640496
263770937885
263771232646
263770539685
263781123562
263770867875
263771209162
263770970338
263771951069
263770735805
263771145420
263770622501
263770701434
263781839527
263771043820
263771919836
263780541437
263771869672
263771316868
263780239916
263770074519
263771945332
263770036403
263781428291
263781822351
263771793612
263771884861
263780502830
263770217029
263771228565
263771453892
263781935528
263771964331
263770425609
263780584646
263780052537
263770392818
263781494197
263780096202
263780133041
263770695666
263770561158
263771625548
263781797598
263771772385
263771651014
263771885305
263771216505
263770414202
263770812910
263781172258
263770594458
263770119814
263770766056
263780335784
263780571079
263771099087
263781159200
263770078436
263780926247
263771879966
263770579248
263771869201
263781704005
263770959655
263770477880
263771386203
263771585414
263780123733
263781362347
263781298341
263770194531
263781710617
263771726982
263781562634
263780597723
263771178903
263771462951
263781658121
263770343603
263780179946
263770182572
263781416341
263771318898
263770213418
263780914161
263771511713
263770785314
263770426211
263770682185
263780313932
263781898444
263770860675
263771617907
263781496874
263771361306
263771750947
263770602733
263771340017
263784665843
263783325747
263783539246
263782511521
263785733234
263781975026
263782747475
263781553895
263785148801
263780621116
263781207275
263783909075
263781459439
263782387205
263781569713
263782456805
263784701849
263784454927
263782386800
263786828119
263786791760
263781414260
263783536819
263786939971
263781709455
263781372312
263786457424
263781997455
263784774444
263785157133
263782282846
263781091439
263783075722
263784476846
263785838075
263786602430
263782885038
263781724653
263784237551
263781273909
263784212805
263781385038
263782042998
263785701974
263784535696
263782554812
263786702819
263784319945
263781773448
263783108245
263784418597
263786370072
263785514596
263786110677
263781355098
263781900697
263786663850
263783976552
263782671984
263781919477
263782204982
263784738638
263781352203
263783286089
263782320835
263781651785
263782362552
263786625413
263781786698
263786886334
263781809405
263782788662
263784570623
263780394419
263785179856
263783064681
263784887208
263784854113
263785629710
263782325084
263782113265
263781764055
263784923098
263784808807
263786456420
263786404214
263786480766
263782665746
263783998871
263780164481
263784756882
263782329686
263782050525
263786463847
263786422452
263781326069
263783666225
263781169751
263783652534
263782075713
263782087421
263782840553
263781480527
263783154157
263781830240
263780986913
263784902538
263783310236
263785599616
263784220482
263782681033
263785949939
263782309277
263786862998
263783023938
263785145275
263784636044
263781427998
263786372222
263785061477
263786318382
263785866926
263784235690
263781780318
263783395820
263786942473
263781799324
263782962646
263786354085
263783558031
263785357619
263785341989
263785999510
263784833095
263781895607
263782934267
263785487571
263784488223
263782800869
263782204800
263785714374
263786024685
263782824246
263786925305
263784849514
263781504552
263786771467
263784880545
263786346411
263785780787
263782520413
263784727839
263781519348
263785358418
263784444700
263783980429
263784172631
263784990524
263781486199
263785689142
263781955656
263781542955
263781689812
263784387113
263783865403
263783247636
263783418331
263784210882
263784948824
263781145254
263783750304
263783267209
263785064226
263785602748
263782220156
263785273286
263785617703
263783597046
263783873172
263780599161
263782959354
263785090566
263785477863
263781164720
263784810670
263783237873
263785057286
263781240565
263784098684
263781081400
263784485800
263782730126
263782649499
263784722198
263786416819
263781957227
263785312905
263782586555
263784926667
263786973912
263782348676
263784231600
263782327387
263782866049
263785578238
263781350519
263784742034
263781247254
263783695505
263786417919
263783980740
263783296581
263781494560
263785491128
263781282034
263784154982
263783986343
263785639622
263786820402
263786945190
263781259982
263784968166
263783200490
263786488612
263782027382
263781060870
263784066555
263781549055
263784075481
263785666089
263782274554
263786225921
263785731936
263781122434
263785478647
263783826910
263780574740
263786802266
263784166336
263780411591
263783716087
263782103083
263781998912
263785686540
263781546754
263785606937
263785970837
263786077304
263783602217
263782507934
263789213397
263788342416
263777977479
263789030663
263789412662
263788418007
263777572681
263778712242
263789083957
263789842886
263775688521
263789893728
263777162453
263789812200
263787308979
263777281481
263789652699
263789576259
263777092777
263776326347
263776265445
263777097768
263778128831
263777849856
263777110544
263779143669
263777472598
263776711338
263788965630
263776811465
263789472304
263778785921
263777561592
263778529168
263776809056
263788811086
263776365702
263776590500
263778177281
263789304215
263778567657
263779000706
263789652183
263778902334
263776553153
263779953220
263777386613
263788039763
263789176738
263788594886
263779192410
263776286160
263788500013
263778415631
263778121764
263778682678
263776074945
263789275003
263777848407
263788238462
263777252885
263788445373
263788890235
263789880456
263788322414
263788736768
263778152593
263776893634
263776060523
263776862170
263778389920
263789752901
263777525474
263777979835
263789435426
263789675997
263777616775
263777239021
263789779665
263789805354
263777343175
263788016164
263779125327
263777802491
263777638709
263789135396
263789042724
263776103020
263776042273
263788365639
263789753905
263789493183
263776848477
263777353782
263787109434
263787259030
263789275326
263789933524
263779655129
263777425918
263788415957
263789782066
263788916309
263776232287
263778934515
263778410225
263776931831
263779701517
263788707667
263779323327
263788053018
263776878830
263789827349
263777197678
263789142528
263778997832
263787725293
263776857426
263789393248
263787610523
263788993171
263776159209
263789400518
263787004861
263778358016
263778854218
263789749765
263779834592
263789488982
263789243651
263776329081
263787456424
263777716824
263788481460
263789585366
263778016496
263779072808
263778709427
263788379899
263788211627
263788367453
263789493796
263777693225
263778827904
263779941022
263789760869
263787158755
263788717523
263776512022
263787193656
263778809523
263789575911
263789525850
263779958581
263776526741
263778454885
263776079336
263776609864
263778403584
263776146138
263788602666
263779992087
263777828239
263777065053
263778494405
263779488940
263777459488
263777602036
263787223522
263778651857
263779673614
263789941217
263788667066
263776740846
263777559752
263776465330
263776149633
263777775209
263778976166
263776334526
263776804459
263776802971
263779950801
263776124575
263788474286
263776044059
263777901051
263779798660
263788777248
263777225354
263779071906
263777927797
263777370230
263787335746
263788328394
263779734836
263787255995
263777165418
263788928604
263777218137
263776045117
263779408961
263777337772
263776044500
263777942684
263778507927
263789281611
263777431835
263788527623
263778195716
263777482769
263778564009
263787931238
263779367687
263779123879
263779308959
263787014318
263776417562
263775964451
263788539274
263788986131
263787897185
263778825783
263777806778
263788680011
263779371744
263779558971
263776094409
263789833783
263777694153
263776133911
263776354026
263788370320
263779879056
263777270037
263789016455
263789796448
263777306487
263788826856
263776859675
263788560578
263778368259
263778146570
263777585849
263788478900
263777808382
263779585929
263779286240
263778692180
263777031138
263772808723
263774796700
263775369067
263773729048
263773883714
263771946614
263770233587
263775740414
263773823386
263772677253
263774240363
263773350066
263774865884
263773762862
263773408220
263773560578
263773001232
263770821782
263771877423
263773432142
263772445463
263774864543
263771182524
263775148403
263771091242
263773285321
263772687298
263771337891
263773742781
263775194765
263770105564
263775466698
263771803422
263774826591
263773232541
263774172026
263770826035
263773711006
263771957750
263773440862
263770578780
263773110746
263771509962
263774751406
263771766222
263772307944
263773715171
263771917949
263774441132
263772621171
263771034858
263770317583
263770535689
263772596103
263771823805
263773544046
263772711089
263770227429
263773816469
263771731663
263770467672
263770059689
263772522518
263770866856
263773257457
263774438455
263771359141
263771406641
263770145256
263775853513
263773277551
263770031090
263773886671
263771166909
263774655050
263771811075
263771236463
263771094463
263773743328
263772883904
263772472752
263775119897
263773738918
263774257903
263770849936
263772315636
263775667678
263771358791
263770346982
263774534673
263773042270
263774659105
263770487975
263770879247
263771289596
263773058637
263770855926
263773130266
263773695860
263774510380
263772067889
263771762341
263771793552
263770165927
263772662552
263772147393
263771060780
263772561631
263772589647
263773536549
263771494712
263770593690
263772456336
263771276990
263772956002
263771274675
263771082296
263773479132
263773150059
263772305413
263770417246
263770522042
263774786708
263771535077
263772875334
263773084931
263770932724
263770779662
263772971042
263772738734
263773667014
263772386064
263770878091
263773260341
263772062907
263772571963
263772756929
263773310232
263771938643
263774396988
263773105806
263772253670
263771751919
263773015544
263771934952
263771920210
263773267749
263773229215
263772665930
263771928314
263771882171
263771713424
263771268411
263773082698
263773198001
263773767850
263770304461
263771713167
263770105762
263772144087
263772860169
263775872358
263774077271
263774356178
263771100160
263771520007
263771791296
263770104925
263771423920
263771569681
263772657545
263770497217
263772035312
263770201347
263773007018
263774560187
263772655956
263771948648
263775748661
263774384545
263770025474
263774329226
263770150621
263772398600
263773696694
263774394681
263772180141
263773980511
263772499825
263774765263
263773974303
263773113493
263775746875
263773562902
263774385035
263772996305
263770845662
263774487698
263770155766
263774605158
263773042380
263770977597
263773008366
263773480581
263770981034
263770912293
263774276930
263774404598
263775527344
263773526443
263773091707
263773377056
263773489328
263770082644
263773706579
263770388399
263770626233
263771252607
263774219959
263773764562
263773384467
263774766651
263772400163
263774425582
263774623271
263772124467
263773552565
263773389107
263773967037
263772674522
263771395130
263770199452
263775918712
263770120115
263771546941
263774399157
263770058501
263773603819
263773338754
263773211770
263770415204
263774397730
263772074181
263773911596
263772367204
263771054771
263773720348
263772051137
263770989884
263772243073